{
  "model_architecture": {
    "layers": [
      "784 (input)",
      "128 (hidden1 + ReLU)",
      "128 (hidden2 + ReLU)",
      "10 (output)"
    ],
    "total_parameters": 118016,
    "parameter_breakdown": {
      "W1": 100352,
      "W2": 16384,
      "W3": 1280
    }
  },
  "layer_statistics": {
    "W1_direct": {
      "name": "W1: Input \u2192 Hidden1",
      "shape": [
        128,
        784
      ],
      "mean": -0.0004282358568161726,
      "std": 0.05101925879716873,
      "min": -0.5954033136367798,
      "max": 0.42721235752105713,
      "sparsity": 0.20211854272959184,
      "l2_norm": 16.16264533996582
    },
    "W2_direct": {
      "name": "W2: Hidden1 \u2192 Hidden2",
      "shape": [
        128,
        128
      ],
      "mean": 0.010485393926501274,
      "std": 0.11255895346403122,
      "min": -0.5198162198066711,
      "max": 0.5706604719161987,
      "sparsity": 0.07806396484375,
      "l2_norm": 14.469923973083496
    },
    "W3_direct": {
      "name": "W3: Hidden2 \u2192 Output",
      "shape": [
        10,
        128
      ],
      "mean": -3.467220722086495e-06,
      "std": 0.35555967688560486,
      "min": -1.1810798645019531,
      "max": 1.1236400604248047,
      "sparsity": 0.0328125,
      "l2_norm": 12.720890045166016
    },
    "W2_composed": {
      "name": "W2\u00d7W1: Composed L2",
      "shape": [
        128,
        784
      ],
      "mean": -0.0006034983089193702,
      "std": 0.09586702287197113,
      "min": -0.7566964626312256,
      "max": 0.7230377793312073,
      "sparsity": 0.17395766900510204,
      "l2_norm": 30.36972427368164
    },
    "W3_composed": {
      "name": "W3\u00d7W2\u00d7W1: Class Templates",
      "shape": [
        10,
        784
      ],
      "mean": 0.0005850636516697705,
      "std": 1.3472932577133179,
      "min": -6.097002983093262,
      "max": 6.0989556312561035,
      "sparsity": 0.01096938775510204,
      "l2_norm": 119.29444122314453
    }
  },
  "neuron_importance": {
    "layer1": {
      "mean": 1.2497667074203491,
      "std": 0.2717619240283966,
      "min": 0.5632583498954773,
      "max": 2.0154106616973877,
      "potentially_dead": 0,
      "top_5_indices": [
        55,
        104,
        20,
        69,
        60
      ]
    },
    "layer2": {
      "mean": 1.0282788276672363,
      "std": 0.4548291265964508,
      "min": 0.13171817362308502,
      "max": 1.8682385683059692,
      "potentially_dead": 14,
      "top_5_indices": [
        72,
        23,
        112,
        5,
        41
      ]
    }
  },
  "class_analysis": {
    "per_class": [
      {
        "digit": 0,
        "mean": 0.029311403632164,
        "std": 1.0943189859390259,
        "min": -6.097002983093262,
        "max": 3.838672161102295,
        "l2_norm": 30.651920318603516,
        "positive_ratio": 0.5191326530612245,
        "peak_location": [
          8,
          16
        ]
      },
      {
        "digit": 1,
        "mean": -0.10972687602043152,
        "std": 1.0794146060943604,
        "min": -3.5349762439727783,
        "max": 3.52036190032959,
        "l2_norm": 30.37936782836914,
        "positive_ratio": 0.4655612244897959,
        "peak_location": [
          22,
          19
        ]
      },
      {
        "digit": 2,
        "mean": 0.06157087907195091,
        "std": 1.4538158178329468,
        "min": -5.702095031738281,
        "max": 4.446144104003906,
        "l2_norm": 40.74333572387695,
        "positive_ratio": 0.5293367346938775,
        "peak_location": [
          20,
          11
        ]
      },
      {
        "digit": 3,
        "mean": 0.07593490183353424,
        "std": 1.4113849401474,
        "min": -5.254362106323242,
        "max": 5.97491979598999,
        "l2_norm": 39.575931549072266,
        "positive_ratio": 0.5216836734693877,
        "peak_location": [
          25,
          10
        ]
      },
      {
        "digit": 4,
        "mean": -0.032851818948984146,
        "std": 1.4506720304489136,
        "min": -5.955306529998779,
        "max": 5.391441822052002,
        "l2_norm": 40.629234313964844,
        "positive_ratio": 0.4502551020408163,
        "peak_location": [
          14,
          16
        ]
      },
      {
        "digit": 5,
        "mean": 0.00708012655377388,
        "std": 1.415359377861023,
        "min": -5.6766886711120605,
        "max": 5.758175849914551,
        "l2_norm": 39.63056182861328,
        "positive_ratio": 0.5191326530612245,
        "peak_location": [
          9,
          24
        ]
      },
      {
        "digit": 6,
        "mean": -0.016890915110707283,
        "std": 1.3035472631454468,
        "min": -5.8332672119140625,
        "max": 4.976413249969482,
        "l2_norm": 36.50238800048828,
        "positive_ratio": 0.514030612244898,
        "peak_location": [
          19,
          11
        ]
      },
      {
        "digit": 7,
        "mean": -0.1703464686870575,
        "std": 1.4264731407165527,
        "min": -5.265790939331055,
        "max": 4.544673442840576,
        "l2_norm": 40.225032806396484,
        "positive_ratio": 0.44260204081632654,
        "peak_location": [
          9,
          12
        ]
      },
      {
        "digit": 8,
        "mean": 0.2005336880683899,
        "std": 1.1166105270385742,
        "min": -4.087399959564209,
        "max": 5.901554107666016,
        "l2_norm": 31.765291213989258,
        "positive_ratio": 0.5522959183673469,
        "peak_location": [
          10,
          14
        ]
      },
      {
        "digit": 9,
        "mean": -0.038764242082834244,
        "std": 1.5813157558441162,
        "min": -5.835988521575928,
        "max": 6.0989556312561035,
        "l2_norm": 44.29014587402344,
        "positive_ratio": 0.46938775510204084,
        "peak_location": [
          13,
          7
        ]
      }
    ],
    "most_similar_pairs": [
      {
        "digits": [
          2,
          6
        ],
        "similarity": 0.23124665021896362
      },
      {
        "digits": [
          0,
          6
        ],
        "similarity": 0.22312936186790466
      },
      {
        "digits": [
          1,
          7
        ],
        "similarity": 0.2193438708782196
      },
      {
        "digits": [
          0,
          2
        ],
        "similarity": 0.21616752445697784
      },
      {
        "digits": [
          5,
          9
        ],
        "similarity": 0.21280649304389954
      }
    ],
    "most_different_pairs": [
      {
        "digits": [
          2,
          9
        ],
        "similarity": -0.6461383700370789
      },
      {
        "digits": [
          2,
          5
        ],
        "similarity": -0.6268788576126099
      },
      {
        "digits": [
          7,
          8
        ],
        "similarity": -0.5403218865394592
      },
      {
        "digits": [
          1,
          9
        ],
        "similarity": -0.532054603099823
      },
      {
        "digits": [
          3,
          4
        ],
        "similarity": -0.5293556451797485
      }
    ],
    "similarity_matrix": [
      [
        1.0000001192092896,
        -0.5239384770393372,
        0.21616752445697784,
        -0.2546270489692688,
        -0.27688971161842346,
        -0.27662917971611023,
        0.22312936186790466,
        -0.006252245046198368,
        -0.005250232294201851,
        0.0421261303126812
      ],
      [
        -0.5239384770393372,
        1.0,
        0.1541297286748886,
        0.024540714919567108,
        0.09284361451864243,
        -0.030797209590673447,
        0.05408957600593567,
        0.2193438708782196,
        -0.39002323150634766,
        -0.532054603099823
      ],
      [
        0.21616752445697784,
        0.1541297286748886,
        0.9999999403953552,
        0.07453102618455887,
        -0.29154345393180847,
        -0.6268788576126099,
        0.23124665021896362,
        0.10072958469390869,
        -0.10939342528581619,
        -0.6461383700370789
      ],
      [
        -0.2546270489692688,
        0.024540714919567108,
        0.07453102618455887,
        1.0000001192092896,
        -0.5293556451797485,
        0.03522001951932907,
        -0.5153166651725769,
        -0.00015747470024507493,
        -0.07957471907138824,
        0.10918111354112625
      ],
      [
        -0.27688971161842346,
        0.09284361451864243,
        -0.29154345393180847,
        -0.5293556451797485,
        1.0,
        -0.11476137489080429,
        0.12939198315143585,
        -0.05932570993900299,
        -0.031751763075590134,
        0.052090879529714584
      ],
      [
        -0.27662917971611023,
        -0.030797209590673447,
        -0.6268788576126099,
        0.03522001951932907,
        -0.11476137489080429,
        0.9999997615814209,
        0.02921302616596222,
        -0.35388433933258057,
        0.109770268201828,
        0.21280649304389954
      ],
      [
        0.22312936186790466,
        0.05408957600593567,
        0.23124665021896362,
        -0.5153166651725769,
        0.12939198315143585,
        0.02921302616596222,
        0.9999998211860657,
        -0.4048908054828644,
        -0.0013555432669818401,
        -0.5208824872970581
      ],
      [
        -0.006252245046198368,
        0.2193438708782196,
        0.10072958469390869,
        -0.00015747470024507493,
        -0.05932570993900299,
        -0.35388433933258057,
        -0.4048908054828644,
        1.0,
        -0.5403218865394592,
        -0.08438456058502197
      ],
      [
        -0.005250232294201851,
        -0.39002323150634766,
        -0.10939342528581619,
        -0.07957471907138824,
        -0.031751763075590134,
        0.109770268201828,
        -0.0013555432669818401,
        -0.5403218865394592,
        1.0,
        0.15488281846046448
      ],
      [
        0.0421261303126812,
        -0.532054603099823,
        -0.6461383700370789,
        0.10918111354112625,
        0.052090879529714584,
        0.21280649304389954,
        -0.5208824872970581,
        -0.08438456058502197,
        0.15488281846046448,
        0.9999999403953552
      ]
    ]
  },
  "ai_analysis": [
    {
      "title": "Model Overview",
      "content": "This is a 3-layer MLP with 118,016 trainable parameters. The architecture (784\u2192128\u2192128\u219210) is compact but sufficient for MNIST, which has relatively simple digit patterns."
    },
    {
      "title": "Weight Distribution",
      "content": "Layer weights appear healthy. W1 has mean=-0.0004, std=0.051. W2 has mean=0.0105, std=0.113. W3 has mean=-0.0000, std=0.356. Near-zero means suggest no systematic bias; moderate std indicates active learning."
    },
    {
      "title": "Neuron Activity",
      "content": "Found 0 potentially weak neurons in L1 and 14 in L2. The most influential L1 neurons are [55, 104, 20, 69, 60], which have the strongest connections to Layer 2. A smooth importance distribution (no extreme outliers) suggests balanced training."
    },
    {
      "title": "Digit Similarity",
      "content": "The network sees digits 2 and 6 as most similar (cosine=0.231), which may lead to confusion. Digits 2 and 9 are most distinct (cosine=-0.646), meaning the network has learned clear distinguishing features for these."
    },
    {
      "title": "Class Templates",
      "content": "Digit '9' has the strongest template (L2=44.29), suggesting the network is most confident about its defining features. Digit '1' has the weakest template (L2=30.38), which may indicate it's defined more by the absence of features from other digits. Template peaks (bright spots) indicate where the network expects ink for each digit."
    },
    {
      "title": "Observations",
      "content": "Weight sparsity is 20.2% (fraction near zero). The composed templates (W3\u00d7W2\u00d7W1) show recognizable digit-like patterns, indicating the network has learned meaningful representations. The linear composition is an approximation\u2014actual network behavior includes ReLU nonlinearities that gate which patterns are active for each input."
    }
  ]
}